-1.450000000000175930e+02 -1.874999999999957652e+02
-1.450000000000175930e+02 -1.824999999999957652e+02
-1.450000000000175930e+02 -1.774999999999957652e+02
-1.450000000000175930e+02 -1.724999999999957652e+02
-1.450000000000175930e+02 -1.674999999999957652e+02
-1.450000000000175930e+02 -1.624999999999957652e+02
-1.450000000000175930e+02 -1.574999999999957652e+02
-1.450000000000175930e+02 -1.524999999999957652e+02
-1.450000000000175930e+02 -1.474999999999957652e+02
-1.450000000000175930e+02 -1.424999999999957652e+02
-1.450000000000175930e+02 -1.374999999999957652e+02
-1.450000000000175930e+02 -1.324999999999957652e+02
-1.450000000000175930e+02 -1.274999999999957652e+02
-1.450000000000175930e+02 -1.224999999999957652e+02
-1.450000000000175930e+02 -1.174999999999957652e+02
-1.350000000000175930e+02 -1.874999999999957652e+02
-1.350000000000175930e+02 -1.824999999999957652e+02
-1.350000000000175930e+02 -1.774999999999957652e+02
-1.350000000000175930e+02 -1.724999999999957652e+02
-1.350000000000175930e+02 -1.674999999999957652e+02
-1.350000000000175930e+02 -1.624999999999957652e+02
-1.350000000000175930e+02 -1.574999999999957652e+02
-1.350000000000175930e+02 -1.524999999999957652e+02
-1.350000000000175930e+02 -1.474999999999957652e+02
-1.350000000000175930e+02 -1.424999999999957652e+02
-1.350000000000175930e+02 -1.374999999999957652e+02
-1.350000000000175930e+02 -1.324999999999957652e+02
-1.350000000000175930e+02 -1.274999999999957652e+02
-1.350000000000175930e+02 -1.224999999999957652e+02
-1.350000000000175930e+02 -1.174999999999957652e+02
-1.250000000000175930e+02 -1.874999999999957652e+02
-1.250000000000175930e+02 -1.824999999999957652e+02
-1.250000000000175930e+02 -1.774999999999957652e+02
-1.250000000000175930e+02 -1.724999999999957652e+02
-1.250000000000175930e+02 -1.674999999999957652e+02
-1.250000000000175930e+02 -1.624999999999957652e+02
-1.250000000000175930e+02 -1.574999999999957652e+02
-1.250000000000175930e+02 -1.524999999999957652e+02
-1.250000000000175930e+02 -1.474999999999957652e+02
-1.250000000000175930e+02 -1.424999999999957652e+02
-1.250000000000175930e+02 -1.374999999999957652e+02
-1.250000000000175930e+02 -1.324999999999957652e+02
-1.250000000000175930e+02 -1.274999999999957652e+02
-1.250000000000175930e+02 -1.224999999999957652e+02
-1.250000000000175930e+02 -1.174999999999957652e+02
-1.150000000000175930e+02 -1.874999999999957652e+02
-1.150000000000175930e+02 -1.824999999999957652e+02
-1.150000000000175930e+02 -1.774999999999957652e+02
-1.150000000000175930e+02 -1.724999999999957652e+02
-1.150000000000175930e+02 -1.674999999999957652e+02
-1.150000000000175930e+02 -1.624999999999957652e+02
-1.150000000000175930e+02 -1.574999999999957652e+02
-1.150000000000175930e+02 -1.524999999999957652e+02
-1.150000000000175930e+02 -1.474999999999957652e+02
-1.150000000000175930e+02 -1.424999999999957652e+02
-1.150000000000175930e+02 -1.374999999999957652e+02
-1.150000000000175930e+02 -1.324999999999957652e+02
-1.150000000000175930e+02 -1.274999999999957652e+02
-1.150000000000175930e+02 -1.224999999999957652e+02
-1.150000000000175930e+02 -1.174999999999957652e+02
-1.050000000000175930e+02 -1.874999999999957652e+02
-1.050000000000175930e+02 -1.824999999999957652e+02
-1.050000000000175930e+02 -1.774999999999957652e+02
-1.050000000000175930e+02 -1.724999999999957652e+02
-1.050000000000175930e+02 -1.674999999999957652e+02
-1.050000000000175930e+02 -1.624999999999957652e+02
-1.050000000000175930e+02 -1.574999999999957652e+02
-1.050000000000175930e+02 -1.524999999999957652e+02
-1.050000000000175930e+02 -1.474999999999957652e+02
-1.050000000000175930e+02 -1.424999999999957652e+02
-1.050000000000175930e+02 -1.374999999999957652e+02
-1.050000000000175930e+02 -1.324999999999957652e+02
-1.050000000000175930e+02 -1.274999999999957652e+02
-1.050000000000175930e+02 -1.224999999999957652e+02
-1.050000000000175930e+02 -1.174999999999957652e+02
-9.500000000001759304e+01 -1.874999999999957652e+02
-9.500000000001759304e+01 -1.824999999999957652e+02
-9.500000000001759304e+01 -1.774999999999957652e+02
-9.500000000001759304e+01 -1.724999999999957652e+02
-9.500000000001759304e+01 -1.674999999999957652e+02
-9.500000000001759304e+01 -1.624999999999957652e+02
-9.500000000001759304e+01 -1.574999999999957652e+02
-9.500000000001759304e+01 -1.524999999999957652e+02
-9.500000000001759304e+01 -1.474999999999957652e+02
-9.500000000001759304e+01 -1.424999999999957652e+02
-9.500000000001759304e+01 -1.374999999999957652e+02
-9.500000000001759304e+01 -1.324999999999957652e+02
-9.500000000001759304e+01 -1.274999999999957652e+02
-9.500000000001759304e+01 -1.224999999999957652e+02
-9.500000000001759304e+01 -1.174999999999957652e+02
-8.500000000001759304e+01 -1.874999999999957652e+02
-8.500000000001759304e+01 -1.824999999999957652e+02
-8.500000000001759304e+01 -1.774999999999957652e+02
-8.500000000001759304e+01 -1.724999999999957652e+02
-8.500000000001759304e+01 -1.674999999999957652e+02
-8.500000000001759304e+01 -1.624999999999957652e+02
-8.500000000001759304e+01 -1.574999999999957652e+02
-8.500000000001759304e+01 -1.524999999999957652e+02
-8.500000000001759304e+01 -1.474999999999957652e+02
-8.500000000001759304e+01 -1.424999999999957652e+02
-8.500000000001759304e+01 -1.374999999999957652e+02
-8.500000000001759304e+01 -1.324999999999957652e+02
-8.500000000001759304e+01 -1.274999999999957652e+02
-8.500000000001759304e+01 -1.224999999999957652e+02
-8.500000000001759304e+01 -1.174999999999957652e+02
-7.500000000001759304e+01 -1.874999999999957652e+02
-7.500000000001759304e+01 -1.824999999999957652e+02
-7.500000000001759304e+01 -1.774999999999957652e+02
-7.500000000001759304e+01 -1.724999999999957652e+02
-7.500000000001759304e+01 -1.674999999999957652e+02
-7.500000000001759304e+01 -1.624999999999957652e+02
-7.500000000001759304e+01 -1.574999999999957652e+02
-7.500000000001759304e+01 -1.524999999999957652e+02
-7.500000000001759304e+01 -1.474999999999957652e+02
-7.500000000001759304e+01 -1.424999999999957652e+02
-7.500000000001759304e+01 -1.374999999999957652e+02
-7.500000000001759304e+01 -1.324999999999957652e+02
-7.500000000001759304e+01 -1.274999999999957652e+02
-7.500000000001759304e+01 -1.224999999999957652e+02
-7.500000000001759304e+01 -1.174999999999957652e+02
-6.500000000001759304e+01 -1.874999999999957652e+02
-6.500000000001759304e+01 -1.824999999999957652e+02
-6.500000000001759304e+01 -1.774999999999957652e+02
-6.500000000001759304e+01 -1.724999999999957652e+02
-6.500000000001759304e+01 -1.674999999999957652e+02
-6.500000000001759304e+01 -1.624999999999957652e+02
-6.500000000001759304e+01 -1.574999999999957652e+02
-6.500000000001759304e+01 -1.524999999999957652e+02
-6.500000000001759304e+01 -1.474999999999957652e+02
-6.500000000001759304e+01 -1.424999999999957652e+02
-6.500000000001759304e+01 -1.374999999999957652e+02
-6.500000000001759304e+01 -1.324999999999957652e+02
-6.500000000001759304e+01 -1.274999999999957652e+02
-6.500000000001759304e+01 -1.224999999999957652e+02
-6.500000000001759304e+01 -1.174999999999957652e+02
-5.500000000001759304e+01 -1.874999999999957652e+02
-5.500000000001759304e+01 -1.824999999999957652e+02
-5.500000000001759304e+01 -1.774999999999957652e+02
-5.500000000001759304e+01 -1.724999999999957652e+02
-5.500000000001759304e+01 -1.674999999999957652e+02
-5.500000000001759304e+01 -1.624999999999957652e+02
-5.500000000001759304e+01 -1.574999999999957652e+02
-5.500000000001759304e+01 -1.524999999999957652e+02
-5.500000000001759304e+01 -1.474999999999957652e+02
-5.500000000001759304e+01 -1.424999999999957652e+02
-5.500000000001759304e+01 -1.374999999999957652e+02
-5.500000000001759304e+01 -1.324999999999957652e+02
-5.500000000001759304e+01 -1.274999999999957652e+02
-5.500000000001759304e+01 -1.224999999999957652e+02
-5.500000000001759304e+01 -1.174999999999957652e+02
-4.500000000001759304e+01 -1.874999999999957652e+02
-4.500000000001759304e+01 -1.824999999999957652e+02
-4.500000000001759304e+01 -1.774999999999957652e+02
-4.500000000001759304e+01 -1.724999999999957652e+02
-4.500000000001759304e+01 -1.674999999999957652e+02
-4.500000000001759304e+01 -1.624999999999957652e+02
-4.500000000001759304e+01 -1.574999999999957652e+02
-4.500000000001759304e+01 -1.524999999999957652e+02
-4.500000000001759304e+01 -1.474999999999957652e+02
-4.500000000001759304e+01 -1.424999999999957652e+02
-4.500000000001759304e+01 -1.374999999999957652e+02
-4.500000000001759304e+01 -1.324999999999957652e+02
-4.500000000001759304e+01 -1.274999999999957652e+02
-4.500000000001759304e+01 -1.224999999999957652e+02
-4.500000000001759304e+01 -1.174999999999957652e+02
-3.500000000001759304e+01 -1.874999999999957652e+02
-3.500000000001759304e+01 -1.824999999999957652e+02
-3.500000000001759304e+01 -1.774999999999957652e+02
-3.500000000001759304e+01 -1.724999999999957652e+02
-3.500000000001759304e+01 -1.674999999999957652e+02
-3.500000000001759304e+01 -1.624999999999957652e+02
-3.500000000001759304e+01 -1.574999999999957652e+02
-3.500000000001759304e+01 -1.524999999999957652e+02
-3.500000000001759304e+01 -1.474999999999957652e+02
-3.500000000001759304e+01 -1.424999999999957652e+02
-3.500000000001759304e+01 -1.374999999999957652e+02
-3.500000000001759304e+01 -1.324999999999957652e+02
-3.500000000001759304e+01 -1.274999999999957652e+02
-3.500000000001759304e+01 -1.224999999999957652e+02
-3.500000000001759304e+01 -1.174999999999957652e+02
-2.500000000001759304e+01 -1.874999999999957652e+02
-2.500000000001759304e+01 -1.824999999999957652e+02
-2.500000000001759304e+01 -1.774999999999957652e+02
-2.500000000001759304e+01 -1.724999999999957652e+02
-2.500000000001759304e+01 -1.674999999999957652e+02
-2.500000000001759304e+01 -1.624999999999957652e+02
-2.500000000001759304e+01 -1.574999999999957652e+02
-2.500000000001759304e+01 -1.524999999999957652e+02
-2.500000000001759304e+01 -1.474999999999957652e+02
-2.500000000001759304e+01 -1.424999999999957652e+02
-2.500000000001759304e+01 -1.374999999999957652e+02
-2.500000000001759304e+01 -1.324999999999957652e+02
-2.500000000001759304e+01 -1.274999999999957652e+02
-2.500000000001759304e+01 -1.224999999999957652e+02
-2.500000000001759304e+01 -1.174999999999957652e+02
-1.500000000001759304e+01 -1.874999999999957652e+02
-1.500000000001759304e+01 -1.824999999999957652e+02
-1.500000000001759304e+01 -1.774999999999957652e+02
-1.500000000001759304e+01 -1.724999999999957652e+02
-1.500000000001759304e+01 -1.674999999999957652e+02
-1.500000000001759304e+01 -1.624999999999957652e+02
-1.500000000001759304e+01 -1.574999999999957652e+02
-1.500000000001759304e+01 -1.524999999999957652e+02
-1.500000000001759304e+01 -1.474999999999957652e+02
-1.500000000001759304e+01 -1.424999999999957652e+02
-1.500000000001759304e+01 -1.374999999999957652e+02
-1.500000000001759304e+01 -1.324999999999957652e+02
-1.500000000001759304e+01 -1.274999999999957652e+02
-1.500000000001759304e+01 -1.224999999999957652e+02
-1.500000000001759304e+01 -1.174999999999957652e+02
-5.000000000017593038e+00 -1.874999999999957652e+02
-5.000000000017593038e+00 -1.824999999999957652e+02
-5.000000000017593038e+00 -1.774999999999957652e+02
-5.000000000017593038e+00 -1.724999999999957652e+02
-5.000000000017593038e+00 -1.674999999999957652e+02
-5.000000000017593038e+00 -1.624999999999957652e+02
-5.000000000017593038e+00 -1.574999999999957652e+02
-5.000000000017593038e+00 -1.524999999999957652e+02
-5.000000000017593038e+00 -1.474999999999957652e+02
-5.000000000017593038e+00 -1.424999999999957652e+02
-5.000000000017593038e+00 -1.374999999999957652e+02
-5.000000000017593038e+00 -1.324999999999957652e+02
-5.000000000017593038e+00 -1.274999999999957652e+02
-5.000000000017593038e+00 -1.224999999999957652e+02
-5.000000000017593038e+00 -1.174999999999957652e+02
4.999999999982406962e+00 -1.874999999999957652e+02
4.999999999982406962e+00 -1.824999999999957652e+02
4.999999999982406962e+00 -1.774999999999957652e+02
4.999999999982406962e+00 -1.724999999999957652e+02
4.999999999982406962e+00 -1.674999999999957652e+02
4.999999999982406962e+00 -1.624999999999957652e+02
4.999999999982406962e+00 -1.574999999999957652e+02
4.999999999982406962e+00 -1.524999999999957652e+02
4.999999999982406962e+00 -1.474999999999957652e+02
4.999999999982406962e+00 -1.424999999999957652e+02
4.999999999982406962e+00 -1.374999999999957652e+02
4.999999999982406962e+00 -1.324999999999957652e+02
4.999999999982406962e+00 -1.274999999999957652e+02
4.999999999982406962e+00 -1.224999999999957652e+02
4.999999999982406962e+00 -1.174999999999957652e+02
1.499999999998240696e+01 -1.874999999999957652e+02
1.499999999998240696e+01 -1.824999999999957652e+02
1.499999999998240696e+01 -1.774999999999957652e+02
1.499999999998240696e+01 -1.724999999999957652e+02
1.499999999998240696e+01 -1.674999999999957652e+02
1.499999999998240696e+01 -1.624999999999957652e+02
1.499999999998240696e+01 -1.574999999999957652e+02
1.499999999998240696e+01 -1.524999999999957652e+02
1.499999999998240696e+01 -1.474999999999957652e+02
1.499999999998240696e+01 -1.424999999999957652e+02
1.499999999998240696e+01 -1.374999999999957652e+02
1.499999999998240696e+01 -1.324999999999957652e+02
1.499999999998240696e+01 -1.274999999999957652e+02
1.499999999998240696e+01 -1.224999999999957652e+02
1.499999999998240696e+01 -1.174999999999957652e+02
2.499999999998240696e+01 -1.874999999999957652e+02
2.499999999998240696e+01 -1.824999999999957652e+02
2.499999999998240696e+01 -1.774999999999957652e+02
2.499999999998240696e+01 -1.724999999999957652e+02
2.499999999998240696e+01 -1.674999999999957652e+02
2.499999999998240696e+01 -1.624999999999957652e+02
2.499999999998240696e+01 -1.574999999999957652e+02
2.499999999998240696e+01 -1.524999999999957652e+02
2.499999999998240696e+01 -1.474999999999957652e+02
2.499999999998240696e+01 -1.424999999999957652e+02
2.499999999998240696e+01 -1.374999999999957652e+02
2.499999999998240696e+01 -1.324999999999957652e+02
2.499999999998240696e+01 -1.274999999999957652e+02
2.499999999998240696e+01 -1.224999999999957652e+02
2.499999999998240696e+01 -1.174999999999957652e+02
3.499999999998240696e+01 -1.874999999999957652e+02
3.499999999998240696e+01 -1.824999999999957652e+02
3.499999999998240696e+01 -1.774999999999957652e+02
3.499999999998240696e+01 -1.724999999999957652e+02
3.499999999998240696e+01 -1.674999999999957652e+02
3.499999999998240696e+01 -1.624999999999957652e+02
3.499999999998240696e+01 -1.574999999999957652e+02
3.499999999998240696e+01 -1.524999999999957652e+02
3.499999999998240696e+01 -1.474999999999957652e+02
3.499999999998240696e+01 -1.424999999999957652e+02
3.499999999998240696e+01 -1.374999999999957652e+02
3.499999999998240696e+01 -1.324999999999957652e+02
3.499999999998240696e+01 -1.274999999999957652e+02
3.499999999998240696e+01 -1.224999999999957652e+02
3.499999999998240696e+01 -1.174999999999957652e+02
4.499999999998240696e+01 -1.874999999999957652e+02
4.499999999998240696e+01 -1.824999999999957652e+02
4.499999999998240696e+01 -1.774999999999957652e+02
4.499999999998240696e+01 -1.724999999999957652e+02
4.499999999998240696e+01 -1.674999999999957652e+02
4.499999999998240696e+01 -1.624999999999957652e+02
4.499999999998240696e+01 -1.574999999999957652e+02
4.499999999998240696e+01 -1.524999999999957652e+02
4.499999999998240696e+01 -1.474999999999957652e+02
4.499999999998240696e+01 -1.424999999999957652e+02
4.499999999998240696e+01 -1.374999999999957652e+02
4.499999999998240696e+01 -1.324999999999957652e+02
4.499999999998240696e+01 -1.274999999999957652e+02
4.499999999998240696e+01 -1.224999999999957652e+02
4.499999999998240696e+01 -1.174999999999957652e+02
5.499999999998240696e+01 -1.874999999999957652e+02
5.499999999998240696e+01 -1.824999999999957652e+02
5.499999999998240696e+01 -1.774999999999957652e+02
5.499999999998240696e+01 -1.724999999999957652e+02
5.499999999998240696e+01 -1.674999999999957652e+02
5.499999999998240696e+01 -1.624999999999957652e+02
5.499999999998240696e+01 -1.574999999999957652e+02
5.499999999998240696e+01 -1.524999999999957652e+02
5.499999999998240696e+01 -1.474999999999957652e+02
5.499999999998240696e+01 -1.424999999999957652e+02
5.499999999998240696e+01 -1.374999999999957652e+02
5.499999999998240696e+01 -1.324999999999957652e+02
5.499999999998240696e+01 -1.274999999999957652e+02
5.499999999998240696e+01 -1.224999999999957652e+02
5.499999999998240696e+01 -1.174999999999957652e+02
6.499999999998240696e+01 -1.874999999999957652e+02
6.499999999998240696e+01 -1.824999999999957652e+02
6.499999999998240696e+01 -1.774999999999957652e+02
6.499999999998240696e+01 -1.724999999999957652e+02
6.499999999998240696e+01 -1.674999999999957652e+02
6.499999999998240696e+01 -1.624999999999957652e+02
6.499999999998240696e+01 -1.574999999999957652e+02
6.499999999998240696e+01 -1.524999999999957652e+02
6.499999999998240696e+01 -1.474999999999957652e+02
6.499999999998240696e+01 -1.424999999999957652e+02
6.499999999998240696e+01 -1.374999999999957652e+02
6.499999999998240696e+01 -1.324999999999957652e+02
6.499999999998240696e+01 -1.274999999999957652e+02
6.499999999998240696e+01 -1.224999999999957652e+02
6.499999999998240696e+01 -1.174999999999957652e+02
7.499999999998240696e+01 -1.874999999999957652e+02
7.499999999998240696e+01 -1.824999999999957652e+02
7.499999999998240696e+01 -1.774999999999957652e+02
7.499999999998240696e+01 -1.724999999999957652e+02
7.499999999998240696e+01 -1.674999999999957652e+02
7.499999999998240696e+01 -1.624999999999957652e+02
7.499999999998240696e+01 -1.574999999999957652e+02
7.499999999998240696e+01 -1.524999999999957652e+02
7.499999999998240696e+01 -1.474999999999957652e+02
7.499999999998240696e+01 -1.424999999999957652e+02
7.499999999998240696e+01 -1.374999999999957652e+02
7.499999999998240696e+01 -1.324999999999957652e+02
7.499999999998240696e+01 -1.274999999999957652e+02
7.499999999998240696e+01 -1.224999999999957652e+02
7.499999999998240696e+01 -1.174999999999957652e+02
8.499999999998240696e+01 -1.874999999999957652e+02
8.499999999998240696e+01 -1.824999999999957652e+02
8.499999999998240696e+01 -1.774999999999957652e+02
8.499999999998240696e+01 -1.724999999999957652e+02
8.499999999998240696e+01 -1.674999999999957652e+02
8.499999999998240696e+01 -1.624999999999957652e+02
8.499999999998240696e+01 -1.574999999999957652e+02
8.499999999998240696e+01 -1.524999999999957652e+02
8.499999999998240696e+01 -1.474999999999957652e+02
8.499999999998240696e+01 -1.424999999999957652e+02
8.499999999998240696e+01 -1.374999999999957652e+02
8.499999999998240696e+01 -1.324999999999957652e+02
8.499999999998240696e+01 -1.274999999999957652e+02
8.499999999998240696e+01 -1.224999999999957652e+02
8.499999999998240696e+01 -1.174999999999957652e+02
9.499999999998240696e+01 -1.874999999999957652e+02
9.499999999998240696e+01 -1.824999999999957652e+02
9.499999999998240696e+01 -1.774999999999957652e+02
9.499999999998240696e+01 -1.724999999999957652e+02
9.499999999998240696e+01 -1.674999999999957652e+02
9.499999999998240696e+01 -1.624999999999957652e+02
9.499999999998240696e+01 -1.574999999999957652e+02
9.499999999998240696e+01 -1.524999999999957652e+02
9.499999999998240696e+01 -1.474999999999957652e+02
9.499999999998240696e+01 -1.424999999999957652e+02
9.499999999998240696e+01 -1.374999999999957652e+02
9.499999999998240696e+01 -1.324999999999957652e+02
9.499999999998240696e+01 -1.274999999999957652e+02
9.499999999998240696e+01 -1.224999999999957652e+02
9.499999999998240696e+01 -1.174999999999957652e+02
1.049999999999824070e+02 -1.874999999999957652e+02
1.049999999999824070e+02 -1.824999999999957652e+02
1.049999999999824070e+02 -1.774999999999957652e+02
1.049999999999824070e+02 -1.724999999999957652e+02
1.049999999999824070e+02 -1.674999999999957652e+02
1.049999999999824070e+02 -1.624999999999957652e+02
1.049999999999824070e+02 -1.574999999999957652e+02
1.049999999999824070e+02 -1.524999999999957652e+02
1.049999999999824070e+02 -1.474999999999957652e+02
1.049999999999824070e+02 -1.424999999999957652e+02
1.049999999999824070e+02 -1.374999999999957652e+02
1.049999999999824070e+02 -1.324999999999957652e+02
1.049999999999824070e+02 -1.274999999999957652e+02
1.049999999999824070e+02 -1.224999999999957652e+02
1.049999999999824070e+02 -1.174999999999957652e+02
1.149999999999824070e+02 -1.874999999999957652e+02
1.149999999999824070e+02 -1.824999999999957652e+02
1.149999999999824070e+02 -1.774999999999957652e+02
1.149999999999824070e+02 -1.724999999999957652e+02
1.149999999999824070e+02 -1.674999999999957652e+02
1.149999999999824070e+02 -1.624999999999957652e+02
1.149999999999824070e+02 -1.574999999999957652e+02
1.149999999999824070e+02 -1.524999999999957652e+02
1.149999999999824070e+02 -1.474999999999957652e+02
1.149999999999824070e+02 -1.424999999999957652e+02
1.149999999999824070e+02 -1.374999999999957652e+02
1.149999999999824070e+02 -1.324999999999957652e+02
1.149999999999824070e+02 -1.274999999999957652e+02
1.149999999999824070e+02 -1.224999999999957652e+02
1.149999999999824070e+02 -1.174999999999957652e+02
1.249999999999824070e+02 -1.874999999999957652e+02
1.249999999999824070e+02 -1.824999999999957652e+02
1.249999999999824070e+02 -1.774999999999957652e+02
1.249999999999824070e+02 -1.724999999999957652e+02
1.249999999999824070e+02 -1.674999999999957652e+02
1.249999999999824070e+02 -1.624999999999957652e+02
1.249999999999824070e+02 -1.574999999999957652e+02
1.249999999999824070e+02 -1.524999999999957652e+02
1.249999999999824070e+02 -1.474999999999957652e+02
1.249999999999824070e+02 -1.424999999999957652e+02
1.249999999999824070e+02 -1.374999999999957652e+02
1.249999999999824070e+02 -1.324999999999957652e+02
1.249999999999824070e+02 -1.274999999999957652e+02
1.249999999999824070e+02 -1.224999999999957652e+02
1.249999999999824070e+02 -1.174999999999957652e+02
1.349999999999824070e+02 -1.874999999999957652e+02
1.349999999999824070e+02 -1.824999999999957652e+02
1.349999999999824070e+02 -1.774999999999957652e+02
1.349999999999824070e+02 -1.724999999999957652e+02
1.349999999999824070e+02 -1.674999999999957652e+02
1.349999999999824070e+02 -1.624999999999957652e+02
1.349999999999824070e+02 -1.574999999999957652e+02
1.349999999999824070e+02 -1.524999999999957652e+02
1.349999999999824070e+02 -1.474999999999957652e+02
1.349999999999824070e+02 -1.424999999999957652e+02
1.349999999999824070e+02 -1.374999999999957652e+02
1.349999999999824070e+02 -1.324999999999957652e+02
1.349999999999824070e+02 -1.274999999999957652e+02
1.349999999999824070e+02 -1.224999999999957652e+02
1.349999999999824070e+02 -1.174999999999957652e+02
1.449999999999824070e+02 -1.874999999999957652e+02
1.449999999999824070e+02 -1.824999999999957652e+02
1.449999999999824070e+02 -1.774999999999957652e+02
1.449999999999824070e+02 -1.724999999999957652e+02
1.449999999999824070e+02 -1.674999999999957652e+02
1.449999999999824070e+02 -1.624999999999957652e+02
1.449999999999824070e+02 -1.574999999999957652e+02
1.449999999999824070e+02 -1.524999999999957652e+02
1.449999999999824070e+02 -1.474999999999957652e+02
1.449999999999824070e+02 -1.424999999999957652e+02
1.449999999999824070e+02 -1.374999999999957652e+02
1.449999999999824070e+02 -1.324999999999957652e+02
1.449999999999824070e+02 -1.274999999999957652e+02
1.449999999999824070e+02 -1.224999999999957652e+02
1.449999999999824070e+02 -1.174999999999957652e+02
